18
19
20
23
24
25
26
27
51
61
68
83
90
101
102
107
119
120
121
122
123
124
125
126
127
128
129
130
134
137
145
154
166
171
173
174
176
178
180
181
183
185
186
187
188
200
202
203
204
206
211
214
216
251
260
282
294
168
2
10
11
13
15
32
34
49
50
60
62
75
76
79
95
97
108
109
111
131
150
197
252
270
271
275
296
322
323
324
5
33
46
47
56
57
63
64
67
87
92
93
113
116
142
146
170
182
184
195
196
201
221
222
223
225
226
228
235
236
250
253
254
255
256
257
258
259
262
263
264
267
268
269
273
274
283
287
289
292
295
301
302
307
312
313
315
317
327
328
329
330
