24580
24595
24596
24600
24606
24609
24621
24622
24629
24638
24639
24642
24644
24645
24646
24647
24648
24651
24655
24670
24672
24679
24701
24709
24712
24718
24734
24735
24736
24737
24738
24739
24740
24741
24742
24753
24770
24782
24786
24787
24791
24794
5001
5002
5003
5004
5005
5006
24584
24585
24587
24588
24589
24591
24594
24597
24599
24602
24603
24604
24605
24607
24610
24616
24617
24618
24635
24641
24643
24649
24656
24669
24674
24675
24678
24681
24683
24685
24690
24691
24692
24694
24695
24696
24697
24698
24699
24704
24705
24707
24711
24714
24715
24716
24717
24719
24723
24726
24732
24743
24744
24745
24746
24747
24748
24749
24750
24751
24754
24758
24759
24760
24761
24763
24764
24766
24775
24777
24780
24790
24792
24795
24799
24800
24803
24804
24805
24806
24807
24808
